force: [-19.104102666356425, -1.5473841984049037, 0.9332121238751951]
torque: [-0.24642145895240927, 0.0373995095506341, 0.060428603494093]
